"selected_ref","CSLAPin2018","ReachCode","LAKE_ID","basin","ACRES","forest_wetland","yrs_sampled","US_L3CODE","US_L4CODE","eutrophic","mesotrophic","oligotrophic","cost"
NA,"yes","04130003001267","0402HON0057",4,1796.6,76.969487,5,60,"60d",55,28,15,304
"x",NA,"04150305001308"," ",9,909.033976291,97.773153,NA,58,"58aa",NA,NA,NA,236.5
NA,NA,"04150305001529","0903BRA0277",9,882.295909593,96.890384,NA,58,"58aa",NA,NA,NA,236.5
"x",NA,"04150305004968","0903SIM0180",9,779.01,100,1,58,"58aa",0,2,2,236.5
NA,NA,"04150305001369","0903FOL0186",9,722.340077446,98.57343,NA,58,"58ad",NA,NA,NA,236.5
NA,NA,"04150302006330","0905UWB5265",9,715.627717641,98.231137,NA,58,"58ab",NA,NA,NA,236.5
NA,NA,"04150306002952","0902USA0265",9,707.63,96.155087,2,58,"58ad",2,33,12,304
"x","yes","04130003001277","0402CAN0043",4,668.7,82.014366,2,60,"60d",0,20,20,304
NA,NA,"04150305004978","0903STA0035B",9,644.6,95.818488,1,58,"58ab",0,2,2,236.5
NA,NA,"04150305001565","0903BLA0029A",9,640.35,95.853557,1,58,"58ab",0,2,2,236.5
NA,NA,"04150305004965"," ",9,618.618848493,96.651951,NA,58,"58aa",NA,NA,NA,236.5
NA,NA,"04150305001261","0903HIG0007",9,595.24,95.722505,1,58,"58ab",0,3,1,236.5
NA,NA,"04150305001493","0903EAT0248",9,567.96,96.551374,1,58,"58ad",0,8,9,304
NA,NA,"04150307000863","0902TIT0028",9,435.603407385,95.788735,NA,58,"58ab",NA,NA,NA,236.5
NA,NA,"04150307000863","0902TIT0028",9,431.4,95.788735,1,58,"58ab",1,16,0,236.5
NA,NA,"04150306001348","0902SAI0156A",9,387.357913185,99.542245,NA,58,"58ad",NA,NA,NA,236.5
"x",NA,"04150304003156","0904TRO0293",9,370.419657624,97.981332,NA,83,"83e",NA,NA,NA,236.5
NA,NA,"04150303000601","0906RED0010",9,360.6,96.8785,1,83,"83d",0,3,0,236.5
"x",NA,"02040104002228","1401LEB0098",14,357.318,99.838286,NA,62,"62b",NA,NA,NA,236.5
NA,NA,"04150305001334","0903AMP0202",9,351.798353087,99.682739,NA,58,"58z",NA,NA,NA,236.5
NA,NA,"04150307002819","0902IND0051",9,330.5,95.760531,1,58,"58ab",0,0,2,236.5
NA,NA,"04150305001523","0903PLU0291",9,315.018594992,97.563678,NA,58,"58aa",NA,NA,NA,236.5
NA,NA,"04150305001406","0903DUC0210",9,314.27792504,98.853795,NA,58,"58aa",NA,NA,NA,236.5
NA,NA,"04150306001251","0902MAD0225",9,305.102203246,96.40317,NA,58,"58ab",NA,NA,NA,236.5
NA,NA,"02040104002195","1402WOL0037",14,284.5,99.616858,6,62,"62b",43,91,10,236.5
NA,NA,"04150307000861"," ",9,275.112015896,98.427747,NA,58,"58ab",NA,NA,NA,236.5
NA,NA,"04150306002953","0902SPI0264",9,270.56,96.435508,2,58,"58ad",0,13,16,304
NA,NA,"04150306002953","0902SPI0264",9,268.636780996,96.435508,NA,58,"58ad",NA,NA,NA,304
NA,NA,"04150305001502","0903MOO0286",9,245.708121679,97.771744,NA,58,"58aa",NA,NA,NA,236.5
NA,NA,"04150305004663","0903SLI0260",9,244.877185429,95.861895,NA,58,"58aa",NA,NA,NA,236.5
NA,NA,"04150302005759","0905UWB5258",9,239.983528686,98.238343,NA,58,"58ab",NA,NA,NA,236.5
NA,NA,"04150305004095"," ",9,234.589229353,99.177437,NA,58,"58ad",NA,NA,NA,236.5
NA,NA,"04150305004961","0903MAR0165",9,233.775694797,98.627851,NA,58,"58aa",NA,NA,NA,236.5
NA,NA,"04150305001254","0903SOU0017A",9,226.603199707,95.731948,NA,58,"58ab",NA,NA,NA,236.5
NA,NA,"04150303000586","0906PLE0006",9,207.7,97.049969,1,83,"83d",0,3,1,236.5
NA,NA,"04150307002547","0902SPR0023A",9,194.401705479,97.597152,NA,58,"58ab",NA,NA,NA,236.5
NA,NA,"04150305001291","0903JOR0046",9,178.663284466,99.509403,NA,58,"58ab",NA,NA,NA,236.5
NA,NA,"04150305001555","0903SAG0313",9,172.388477469,97.659903,NA,58,"58aa",NA,NA,NA,236.5
NA,NA,"04150305001436","0903TRO0146",9,156.330161141,98.36219,NA,58,"58aa",NA,NA,NA,236.5
NA,NA,"04150305001382","0903EAG0080",9,153.943500526,96.291971,NA,58,"58aa",NA,NA,NA,304
NA,NA,"02040104002204","1401CRY0197",14,152.845,98.935245,NA,62,"62b",NA,NA,NA,236.5
NA,NA,"02040104002204","1401CRY0197",14,151.5,98.935245,2,62,"62b",4,14,0,236.5
NA,NA,"04150302001522","0905FLA0265",9,149.747583869,97.680957,NA,58,"58ab",NA,NA,NA,236.5
NA,NA,"04150305001532","0903USA0296",9,145.833638598,96.951145,NA,58,"58aa",NA,NA,NA,236.5
NA,NA,"04150305001386","0903LSI0182",9,145.542321467,98.44163,NA,58,"58aa",NA,NA,NA,304
NA,NA,"04150302001519","0905BRO5140",9,144.262395427,98.19445,NA,58,"58ab",NA,NA,NA,236.5
NA,NA,"04150305001382","0903EAG0080",9,143.58,96.291971,5,58,"58aa",1,38,63,304
NA,NA,"04150305001538","0903LSA0294",9,133.370549267,95.813107,NA,58,"58aa",NA,NA,NA,236.5
NA,NA,"04150306001312","0902FIS0149",9,124.015219929,99.2453,NA,58,"58ad",NA,NA,NA,236.5
NA,NA,"04150305001563","0903MT 0083",9,123.242142374,99.500936,NA,58,"58aa",NA,NA,NA,304
NA,NA,"04150302001450","0905CHU0081",9,119.159482022,99.416255,NA,83,"83e",NA,NA,NA,236.5
NA,NA,"04150308000237","0902BRA0007",9,114.792080845,96.080687,NA,58,"58ab",NA,NA,NA,236.5
NA,NA,"04150305004653","0903STO0264",9,113.98881818,98.030942,NA,58,"58aa",NA,NA,NA,236.5
NA,"yes","04150304000849","0904SIL0351",9,113.2,95.86682,15,58,"58ab",12,253,73,236.5
NA,NA,"02040104002713","1401BEA0031",14,112.503,100,NA,62,"62b",NA,NA,NA,236.5
NA,NA,"02040104002278","1401SAN0176",14,112.3,99.378881,1,62,"62b",0,2,1,236.5
NA,NA,"04150306003174"," ",9,110.427904115,96.418649,NA,58,"58ab",NA,NA,NA,236.5
NA,NA,"04150303000665","0906IND0040",9,109.104277833,96.375075,NA,58,"58ab",NA,NA,NA,236.5
NA,NA,"04150307002536","0902UWB5090",9,108.330172922,99.336899,NA,58,"58ab",NA,NA,NA,236.5
NA,NA,"02040101001590","1401YOR0203",14,100.6,100,1,62,"62b",0,4,0,236.5
NA,NA,"04150306001255","0902CHA0193",9,98.3573815453,98.439008,NA,58,"58ab",NA,NA,NA,236.5
NA,NA,"04150305001518"," ",9,95.700342541,95.420792,NA,58,"58aa",NA,NA,NA,236.5
NA,NA,"04150305001309","0903LEA0093",9,95.2011509464,95.908544,NA,58,"58ad",NA,NA,NA,236.5
NA,NA,"04150303002172"," ",9,93.3016479405,97.560975,NA,83,"83d",NA,NA,NA,236.5
NA,NA,"04150302001784","0905UWB5245",9,93.1543028722,98.27883,NA,58,"58ab",NA,NA,NA,236.5
NA,NA,"04150304000846","0904HUC0291",9,89.4654670575,96.356916,NA,83,"83e",NA,NA,NA,236.5
NA,NA,"04150302001577","0905SUC0274",9,89.4633300428,98.544698,NA,58,"58ab",NA,NA,NA,236.5
NA,NA,"04150305001498"," ",9,86.7696349028,97.952219,NA,58,"58aa",NA,NA,NA,236.5
NA,NA,"02040104002182","1401IND0102",14,81.9,99.324056,1,62,"62b",0,4,0,236.5
NA,NA,"02040104002248","1401STE0180",14,81.201,97.848383,NA,62,"62b",NA,NA,NA,236.5
NA,NA,"02040104002199","1401TOR0101",14,80.9535,98.125199,NA,62,"62b",NA,NA,NA,236.5
NA,NA,"04150306001357","0902LLO0267A",9,79.0812333256,100,NA,58,"58ad",NA,NA,NA,236.5
"x",NA,"02040104002098","1402EAS0055",14,78.8743,99.503106,NA,60,"60b",NA,NA,NA,304
NA,NA,"02040104002254","1401BEA5568",14,78.7829,99.530076,NA,62,"62b",NA,NA,NA,236.5
NA,NA,"04150306001320","0902MCD0126",9,78.6540787919,97.046647,NA,58,"58ab",NA,NA,NA,236.5
NA,NA,"04150302001667","0905ROU0161",9,78.4947902857,100,NA,58,"58aa",NA,NA,NA,236.5
NA,NA,"04150306001282","0902BLA0256",9,77.3369111881,99.773551,NA,58,"58ad",NA,NA,NA,236.5
NA,NA,"02040104002293","1401BIG0075",14,76.9564,97.154038,NA,62,"62b",NA,NA,NA,236.5
NA,NA,"04150305001367","0903UPR0239",9,76.5418803878,100,NA,58,"58z",NA,NA,NA,236.5
NA,NA,"02040104002328","1401NO30005",14,75.887,97.204245,NA,62,"62b",NA,NA,NA,304
NA,NA,"02040104002264","1401MET0081",14,74.5226,96.640944,NA,62,"62b",NA,NA,NA,236.5
NA,NA,"02040102000513","1403LIL0311",14,74.3,98.667683,1,60,"60c",0,4,0,304
NA,NA,"04150305001356"," ",9,72.8724548747,98.36061,NA,58,"58ad",NA,NA,NA,236.5
NA,NA,"02040104002211","1401RUD0092",14,71.4706,97.227574,NA,62,"62b",NA,NA,NA,236.5
NA,NA,"04150305001362","0903DUC0235",9,68.3257557934,99.389014,NA,58,"58z",NA,NA,NA,236.5
NA,NA,"04150302001502","0905SOU0261",9,67.5929849497,97.510806,NA,58,"58ab",NA,NA,NA,236.5
NA,NA,"04150307000886","0902DUC0040",9,63.7604180105,99.233298,NA,58,"58aa",NA,NA,NA,236.5
NA,NA,"04150306001325","0902DRY0128",9,63.5754123245,99.872367,NA,58,"58ad",NA,NA,NA,236.5
NA,NA,"02040101001533","1401SWA0211",14,62.1,95.25516,1,62,"62b",2,2,0,236.5
NA,NA,"02040104002238","1401SUN5567",14,61.8666,100.000001,NA,62,"62b",NA,NA,NA,236.5
NA,NA,"04150306001261","0902QUE0227",9,61.6531597449,99.163637,NA,58,"58ab",NA,NA,NA,236.5
NA,NA,"04150305001412","0903FIR0272",9,61.022972685,99.543588,NA,58,"58ad",NA,NA,NA,236.5
NA,NA,"04150306001260","0902MOU0198",9,60.5318193405,95.114111,NA,58,"58ab",NA,NA,NA,236.5
NA,NA,"04150304000817","0904SAM0352",9,58.791116413,96.17281,NA,58,"58ab",NA,NA,NA,236.5
NA,NA,"04150305001306","0903CRO0063",9,57.5641668928,100,NA,58,"58ab",NA,NA,NA,236.5
NA,NA,"04150305001514","0903NEW5105",9,56.8276547143,97.401936,NA,58,"58aa",NA,NA,NA,236.5
NA,NA,"04150302001525","0905BON0090",9,56.5115823699,98.888889,NA,58,"58ab",NA,NA,NA,236.5
NA,NA,"04150305001365","0903LPR0238",9,56.1678255819,100,NA,58,"58z",NA,NA,NA,236.5
NA,NA,"04150302001597","0905OLM0328",9,54.2143046087,97.879177,NA,58,"58aa",NA,NA,NA,236.5
NA,NA,"04150306001307","0902CAT0139",9,54.0343928817,99.559471,NA,58,"58ad",NA,NA,NA,236.5
NA,NA,"04150302001646","0905UWB5068",9,53.3147183858,99.046408,NA,58,"58aa",NA,NA,NA,236.5
NA,NA,"04150302006241"," ",9,53.0620680646,96.689896,NA,83,"83d",NA,NA,NA,236.5
NA,NA,"04150305001503","0903BOT0131",9,52.8440533228,99.757282,NA,58,"58aa",NA,NA,NA,236.5
NA,NA,"02040102000457","1403BIG0345",14,52.4,99.605468,1,58,"58y",0,3,1,236.5
NA,NA,"04130002001476","0403ALL5341",4,52.2386,91.002949,NA,60,"60a",NA,NA,NA,236.5
NA,NA,"04150302001772","0905MUD0227",9,51.8501391573,99.548214,NA,58,"58aa",NA,NA,NA,236.5
NA,NA,"02040104002218","1401WEL0183",14,51.5066,95.9375,NA,62,"62b",NA,NA,NA,236.5
NA,NA,"04150302001590","0905UWB5261",9,50.972874808,98.833819,NA,58,"58aa",NA,NA,NA,236.5
NA,NA,"02040104002189","1401WIL5073",14,50.6759,96.346767,NA,62,"62b",NA,NA,NA,236.5
NA,NA,"04150303000658","0906BUL0030",9,50.5824321352,98.926015,NA,58,"58ab",NA,NA,NA,236.5
NA,NA,"04150305001307","0903LEO0062",9,50.5686640165,98.701299,NA,58,"58ab",NA,NA,NA,236.5
NA,NA,"02040104002267","1401ECH0078",14,50.543,99.791159,NA,62,"62b",NA,NA,NA,236.5
NA,NA,"04150305001430","0903LTR0145",9,49.404487443,97.249716,NA,58,"58aa",NA,NA,NA,236.5
NA,NA,"02040104002208","1401LOS0033D",14,49.3409,100,NA,62,"62b",NA,NA,NA,236.5
NA,NA,"04150305001521","0903HIG0281",9,48.9667205631,98.344268,NA,58,"58aa",NA,NA,NA,236.5
NA,NA,"04150302001542","0905PIN0092",9,48.202637854,99.077632,NA,58,"58ab",NA,NA,NA,236.5
NA,NA,"02040104002225","1401HUL0099",14,47.8025,100,NA,62,"62b",NA,NA,NA,236.5
NA,NA,"04150305001273","0903UWB5024",9,47.6710633091,96.854228,NA,58,"58ab",NA,NA,NA,236.5
NA,NA,"02040104002281"," ",14,47.5951,95.517387,NA,62,"62b",NA,NA,NA,236.5
NA,NA,"04150306001309","0902CRA0132",9,47.5746339865,95.679796,NA,58,"58ab",NA,NA,NA,236.5
NA,NA,"02040104002224","1401MER0094",14,47.4589,99.791791,NA,62,"62b",NA,NA,NA,236.5
NA,NA,"04150305001511","0903CAR0282",9,46.5633790925,98.137802,NA,58,"58aa",NA,NA,NA,236.5
NA,NA,"04150304000807","0904LON0369B",9,46.4984726246,99.458679,NA,58,"58ab",NA,NA,NA,236.5
NA,NA,"02040101001543","1401DAV0209",14,46.4,100,1,62,"62b",0,4,0,236.5
NA,NA,"02040104002269","1401HEM0079",14,45.739,99.25187,NA,62,"62b",NA,NA,NA,236.5
NA,NA,"02040104002235","1401BAL5226",14,45.4641,100.000001,NA,62,"62b",NA,NA,NA,236.5
NA,NA,"04150310001135","0901UWB5021",9,45.0123791757,95.848161,NA,83,"83d",NA,NA,NA,236.5
NA,NA,"02040104002256","1401BLI0177",14,44.913,100,NA,62,"62b",NA,NA,NA,236.5
NA,NA,"02040104002257","1401BUR0082",14,44.6,96.180946,1,62,"62b",0,4,0,236.5
NA,NA,"02040102000453","1403ALD0346",14,43.9,100,1,58,"58y",0,4,0,236.5
NA,NA,"04150304002977","0904COO0347",9,43.7,98.987341,1,58,"58ab",0,4,1,236.5
NA,NA,"02040101001563","1401LA 5235",14,43.6265,99.475891,NA,62,"62b",NA,NA,NA,236.5
NA,NA,"04150304000795","0904UWB5056",9,43.2249843603,97.542929,NA,83,"83e",NA,NA,NA,236.5
NA,NA,"04150304000847","0904LON0301",9,43.1551378222,100,NA,58,"58ab",NA,NA,NA,236.5
NA,NA,"04150307000888","0902FIS5093",9,42.8426756407,95.642488,NA,58,"58ab",NA,NA,NA,236.5
NA,NA,"04150302001513","0905UWB5117",9,42.7097149671,99.324598,NA,58,"58ab",NA,NA,NA,236.5
NA,NA,"04150304000780","0904JOC0367",9,42.6709102962,98.116761,NA,58,"58ab",NA,NA,NA,236.5
NA,NA,"04150305001301","0903HEA0104",9,42.4807003476,100,NA,58,"58aa",NA,NA,NA,236.5
NA,NA,"04150305001290","0903ROC0050",9,42.2138106828,98.264729,NA,58,"58ab",NA,NA,NA,236.5
NA,NA,"04150307000878","0902WOL0065",9,41.1,95.423065,1,58,"58aa",0,6,0,236.5
NA,NA,"04150302001526","0905MUS0299",9,40.8144928382,100,NA,58,"58ab",NA,NA,NA,236.5
NA,NA,"04150305001417","0903SEC0273",9,40.6744276951,99.341162,NA,58,"58ad",NA,NA,NA,236.5
NA,"yes","04150306001198","0902EAG0083",9,40.29,96.943231,9,58,"58ab",84,61,65,236.5
NA,NA,"02040102000545","1403REV0305",14,40.2569,100,NA,60,"60c",NA,NA,NA,304
NA,NA,"04150303000698","0906ASH0047A",9,40.2434717967,98.160857,NA,58,"58ab",NA,NA,NA,236.5
NA,NA,"04150302001643","0905UWB5179",9,40.2061913596,99.75054,NA,58,"58aa",NA,NA,NA,236.5
NA,"yes","02040101001349","1401ANA0251",14,40.2,98.005698,17,60,"60c",1,68,314,236.5
NA,NA,"04150305001439"," ",9,40.1417806413,100,NA,58,"58aa",NA,NA,NA,236.5
NA,NA,"04150304000796","0904BRO0350",9,39.8363196835,98.054635,NA,58,"58ab",NA,NA,NA,236.5
NA,NA,"02040101001557","1401ROC0207",14,39.4,97.77885,1,62,"62b",0,2,1,236.5
NA,NA,"04150302001674","0905ELI0152",9,39.3965570845,97.693727,NA,58,"58aa",NA,NA,NA,236.5
NA,NA,"02040104002176","1402UWB5086",14,39.084,96.274738,NA,62,"62b",NA,NA,NA,236.5
NA,NA,"02040102000488","1403ORC0324",14,38.7036,99.546864,NA,60,"60c",NA,NA,NA,236.5
NA,NA,"02040104002153","1402UWB5571",14,38.7033,98.468137,NA,62,"62b",NA,NA,NA,236.5
NA,NA,"04150305001497","0903BUM0128",9,38.5581335626,98.606812,NA,58,"58aa",NA,NA,NA,236.5
NA,NA,"04150305001422","0903THI0274",9,38.5231564297,98.356402,NA,58,"58ad",NA,NA,NA,236.5
NA,NA,"04150302001659","0905LON0162",9,38.175595626,99.999999,NA,58,"58aa",NA,NA,NA,236.5
NA,NA,"04150306001353","0902CLA0153",9,37.5759487643,100,NA,58,"58ad",NA,NA,NA,236.5
NA,NA,"02040104002325","1402NO20004",14,37.5688,97.246696,NA,62,"62b",NA,NA,NA,304
NA,NA,"04150306001296","0902WOL0107A",9,37.4953074765,99.317284,NA,58,"58ab",NA,NA,NA,236.5
NA,NA,"04150303002250"," ",9,37.2384596305,98.156439,NA,58,"58ab",NA,NA,NA,236.5
NA,NA,"02040104002233","1401HAL0193",14,37.0992,98.409995,NA,62,"62b",NA,NA,NA,236.5
NA,NA,"02040104002172","1401MAL0105",14,36.7301,96.350366,NA,62,"62b",NA,NA,NA,236.5
NA,NA,"02040101001341","1401CRY0260",14,36.4,100,1,60,"60c",20,0,0,236.5
NA,NA,"04150304000767","0904UWB5051",9,36.1367863879,99.625292,NA,58,"58ab",NA,NA,NA,236.5
NA,NA,"02040102000487","1403UNC0321",14,35.9354,95.405819,NA,60,"60c",NA,NA,NA,236.5
NA,NA,"04150305001281","0903POT0051",9,35.8893071979,95.393339,NA,58,"58ab",NA,NA,NA,236.5
NA,NA,"04150305005918","0903CLE0091",9,35.6537788655,100,NA,58,"58ab",NA,NA,NA,236.5
NA,NA,"04150302001747","0905TRO0232",9,35.6530602909,99.823447,NA,58,"58aa",NA,NA,NA,236.5
NA,NA,"04150305001312","0903PIT0057A",9,35.0567731649,97.865353,NA,58,"58aa",NA,NA,NA,236.5
NA,NA,"02040104002287"," ",14,34.9481,99.841952,NA,62,"62b",NA,NA,NA,236.5
NA,NA,"04150303002169"," ",9,34.4863291934,95.962939,NA,83,"83d",NA,NA,NA,236.5
NA,NA,"04150305001414","0903PAN0167",9,34.3268661362,100,NA,58,"58aa",NA,NA,NA,236.5
NA,NA,"04150305001426","0903OTT0163",9,34.0168480618,98.405797,NA,58,"58aa",NA,NA,NA,236.5
NA,NA,"02040102000490","1403WAN0338",14,33.7898,96.445168,NA,60,"60c",NA,NA,NA,236.5
NA,NA,"02040104002231","1401WEL0195",14,33.5638,98.388769,NA,62,"62b",NA,NA,NA,236.5
NA,NA,"02040104002205","1402UWB5036",14,33.4422,99.742401,NA,62,"62b",NA,NA,NA,236.5
NA,NA,"04150302001465","0905UWB5134",9,33.0803456173,99.999999,NA,58,"58ab",NA,NA,NA,236.5
NA,NA,"02040104002266","1401CHA0173A",14,32.7154,97.730681,NA,62,"62b",NA,NA,NA,236.5
NA,NA,"04150306001258","0902TRA0096",9,32.2764140429,97.425149,NA,58,"58ab",NA,NA,NA,236.5
NA,NA,"02040102000444","1403PER0366",14,31.9067,95.386703,NA,60,"60c",NA,NA,NA,236.5
NA,NA,"04150305004057","0903UWB5209",9,31.6179623969,96.452328,NA,58,"58ad",NA,NA,NA,236.5
NA,NA,"04150302006381","0905WOL0248",9,31.6058344099,100,NA,83,"83e",NA,NA,NA,236.5
NA,NA,"02040104002231","1401WEL0195",14,31.6,98.388769,1,62,"62b",4,0,0,236.5
NA,NA,"04150305001256","0903GRE0008",9,31.5538017301,97.270743,NA,58,"58ab",NA,NA,NA,236.5
NA,NA,"04150302001535","0905HEA0298",9,31.4898417495,99.069682,NA,58,"58aa",NA,NA,NA,236.5
NA,NA,"04150306001252","0902CLE0195",9,31.334488203,95.588235,NA,58,"58ab",NA,NA,NA,236.5
NA,NA,"04150303000669","0906CRO0042",9,31.2325269445,99.3007,NA,58,"58ab",NA,NA,NA,236.5
NA,NA,"04150302001782","0905UWB5142",9,31.1036163129,99.893277,NA,58,"58ab",NA,NA,NA,236.5
NA,NA,"04150305001313","0903CHA0066",9,30.9838325296,97.574626,NA,58,"58ab",NA,NA,NA,236.5
NA,NA,"04150305001509","0903SUT0284",9,30.970868616,98.881239,NA,58,"58aa",NA,NA,NA,236.5
NA,NA,"02040104002233","1401HAL0193",14,30.7,98.409995,1,62,"62b",1,3,0,236.5
NA,"yes","02040101001299","1404DEE0389",14,30.7,95.977011,11,60,"60b",224,36,4,236.5
NA,NA,"04150307002814"," ",9,30.0517114745,99.314505,NA,58,"58ab",NA,NA,NA,236.5
NA,NA,"04150306001244","0902MCC0098",9,29.9615391386,99.904045,NA,58,"58ab",NA,NA,NA,236.5
NA,NA,"04150304000816","0904HOR0371",9,29.7337796167,99.595469,NA,58,"58ab",NA,NA,NA,236.5
NA,NA,"02040101001240","1404ODE0449",14,29.6006,99.034983,NA,60,"60a",NA,NA,NA,236.5
NA,NA,"04150302001770","0905TWI0185",9,29.5299409409,100,NA,58,"58aa",NA,NA,NA,236.5
NA,NA,"04150303002140"," ",9,29.5231107773,100,NA,83,"83d",NA,NA,NA,236.5
NA,NA,"04150304000857","0904ROU0303",9,29.3863339218,100,NA,58,"58ab",NA,NA,NA,236.5
NA,NA,"04150304000831","0904DEE0372",9,29.3404276267,99.151515,NA,58,"58ab",NA,NA,NA,236.5
NA,NA,"04150304000851","0904GRE0302",9,29.1218070593,100,NA,58,"58ab",NA,NA,NA,236.5
NA,NA,"02040101001513","1401NIA0211A",14,28.9918,99.815974,NA,62,"62b",NA,NA,NA,236.5
NA,NA,"02040101001513","1401NIA0211A",14,28.9,99.815974,1,62,"62b",0,4,0,236.5
NA,NA,"04150304003129"," ",9,28.8445378282,98.848987,NA,83,"83e",NA,NA,NA,236.5
NA,NA,"02040104007992","1402UWB0037A",14,28.8085,99.475754,NA,62,"62b",NA,NA,NA,236.5
NA,NA,"04130002001493","0403HAN0150A",4,28.67,96.190476,2,60,"60e",19,1,0,236.5
NA,NA,"04150305001533","0903GRA0292",9,28.6424548251,99.287241,NA,58,"58aa",NA,NA,NA,236.5
NA,NA,"04150304003142"," ",9,28.3846297341,100.000001,NA,83,"83e",NA,NA,NA,236.5
NA,NA,"04150302001546","0905UWB5327",9,28.281153182,99.78903,NA,58,"58ab",NA,NA,NA,236.5
NA,NA,"02040101001294","1404SKY0390",14,28.2053,97.198879,NA,60,"60b",NA,NA,NA,236.5
NA,NA,"02040102000468","1403PER0274",14,28.1984,100,NA,60,"60c",NA,NA,NA,236.5
NA,NA,"04150303002179"," ",9,28.0777265874,98.757309,NA,83,"83d",NA,NA,NA,236.5
NA,NA,"04150304003141"," ",9,28.031819524,98.445596,NA,83,"83e",NA,NA,NA,236.5
NA,NA,"04150305004008","0903UWB5214",9,27.9798770127,99.744619,NA,58,"58ad",NA,NA,NA,236.5
NA,NA,"02040101014667"," ",14,27.6133,98.442368,NA,60,"60b",NA,NA,NA,236.5
NA,NA,"04150305001314","0903TON0098",9,27.5124899616,98.035715,NA,58,"58aa",NA,NA,NA,236.5
NA,NA,"04150305001299","0903DEE0048",9,27.0852659825,99.999999,NA,58,"58ab",NA,NA,NA,236.5
NA,NA,"02040102000475","1403TRO0287",14,27.032,99.999999,NA,60,"60c",NA,NA,NA,236.5
NA,NA,"04150302006386"," ",9,26.9547475448,98.412698,NA,83,"83e",NA,NA,NA,236.5
NA,NA,"04130002001496","0403FOS0161B",4,26.85,99.036144,2,60,"60e",15,6,0,236.5
NA,NA,"04150302001634","0905BAS0330",9,26.7013796263,99.253422,NA,58,"58aa",NA,NA,NA,236.5
NA,NA,"04150302001602","0905ROC0137",9,26.6140646009,100,NA,58,"58aa",NA,NA,NA,236.5
NA,NA,"02040101003531","1401UWB0213",14,26.3538,99.03537,NA,62,"62b",NA,NA,NA,236.5
NA,NA,"04150305001348"," ",9,25.9427267351,96.434108,NA,58,"58ad",NA,NA,NA,236.5
NA,NA,"04150302001599","0905SCO0322",9,25.8978835422,100,NA,58,"58aa",NA,NA,NA,236.5
NA,NA,"04150303002191"," ",9,25.8333959201,97.07242,NA,83,"83e",NA,NA,NA,236.5
NA,NA,"04150306001240","0902WOL0177",9,25.7654275105,97.441147,NA,58,"58ab",NA,NA,NA,236.5
NA,NA,"02040101005695","1404BLA0462A",14,25.7017,100,NA,60,"60a",NA,NA,NA,236.5
NA,NA,"04150305004715"," ",9,25.6774830811,96.511627,NA,58,"58aa",NA,NA,NA,236.5
NA,NA,"02040101001354"," ",14,25.6675,97.31108,NA,60,"60c",NA,NA,NA,236.5
NA,NA,"02040102000536","1403MAT0302",14,25.6309,95.1709,NA,60,"60c",NA,NA,NA,304
NA,NA,"04150302001613","0905LON0130",9,25.5191993389,99.999999,NA,58,"58aa",NA,NA,NA,236.5
NA,NA,"02040102000534","1403LEN0303",14,25.3683,98.116987,NA,60,"60c",NA,NA,NA,304
NA,NA,"04150304000774","0904UWB5077",9,25.14123852,100,NA,58,"58ab",NA,NA,NA,236.5
NA,NA,"04130002001415","0403UWB5364",4,25.1036,82.999999,NA,60,"60a",NA,NA,NA,236.5
NA,NA,"04130003003573"," ",4,25.0634,88.132972,NA,60,"60d",NA,NA,NA,236.5
NA,NA,"04150302001530","0905LOS0304",9,25.0076978887,100.000001,NA,58,"58ab",NA,NA,NA,236.5
NA,NA,"04150306001352","0902GRA0156",9,24.8860914779,99.622438,NA,58,"58ad",NA,NA,NA,236.5
NA,NA,"04150306001349","0902OCH0154",9,24.677847137,99.419778,NA,58,"58ad",NA,NA,NA,236.5
NA,NA,"04150302005736","0905LBE0203",9,24.5978341128,100,NA,58,"58aa",NA,NA,NA,236.5
NA,NA,"02040104002210","1401GIL0035",14,24.5778,96.983742,NA,62,"62b",NA,NA,NA,236.5
NA,NA,"04150305001393","0903LON0113",9,24.5352221704,100,NA,58,"58aa",NA,NA,NA,236.5
NA,NA,"04150302001758","0905LAN0164",9,24.4903558603,100,NA,58,"58aa",NA,NA,NA,236.5
NA,NA,"04150302001518","0905BEA0252",9,23.9508533189,99.105914,NA,58,"58ab",NA,NA,NA,236.5
NA,NA,"04150305003998"," ",9,23.9324774365,100.000001,NA,58,"58ad",NA,NA,NA,236.5
NA,NA,"04150302005323","0905COL0323",9,23.8672230477,100,NA,58,"58aa",NA,NA,NA,236.5
NA,NA,"02040104002198","1402UWB0038",14,23.7326,100,NA,62,"62b",NA,NA,NA,236.5
NA,NA,"02040104002268","1401UWB5192",14,23.7209,97.086614,NA,62,"62b",NA,NA,NA,236.5
NA,NA,"04150302001648","0905GRE0105",9,23.631130334,99.999999,NA,58,"58ab",NA,NA,NA,236.5
NA,NA,"04150305001378","0903UWB5150",9,23.5065391727,100,NA,58,"58ad",NA,NA,NA,236.5
NA,NA,"04150305001491","0903ANT0126",9,23.488869476,100,NA,58,"58aa",NA,NA,NA,236.5
NA,NA,"04150305001247","0903LON0028",9,23.4184139095,99.999999,NA,58,"58ab",NA,NA,NA,236.5
NA,NA,"04150302006233"," ",9,23.3711788874,99.05914,NA,83,"83e",NA,NA,NA,236.5
NA,NA,"02040104002322","1402BOE0004A",14,23.3292,96.785714,NA,62,"62b",NA,NA,NA,304
NA,NA,"04150302001642","0905MUD0104",9,23.3143850534,100,NA,58,"58ab",NA,NA,NA,236.5
NA,NA,"04150303002167"," ",9,23.1828065954,98.30097,NA,83,"83d",NA,NA,NA,236.5
NA,NA,"04150302001695","0905MOU0166",9,23.17115087,100,NA,58,"58aa",NA,NA,NA,236.5
NA,NA,"04150303002170"," ",9,23.033741284,100,NA,83,"83d",NA,NA,NA,236.5
NA,NA,"04150302004969","0905SHE0070",9,22.9897321754,100,NA,83,"83d",NA,NA,NA,236.5
NA,NA,"04150305003996","0903UWB5087",9,22.7941188389,97.163357,NA,58,"58aa",NA,NA,NA,236.5
NA,NA,"04150305001253","0903HOR0020",9,22.7833828571,100,NA,58,"58ab",NA,NA,NA,236.5
NA,NA,"02040102000482","1403MUD0285",14,22.7805,100,NA,60,"60c",NA,NA,NA,236.5
NA,NA,"04150304003157"," ",9,22.7281369112,97.181079,NA,83,"83e",NA,NA,NA,236.5
NA,NA,"02040104002152","1402BEA5057",14,22.7222,96.779388,NA,62,"62b",NA,NA,NA,236.5
NA,NA,"04150305001317","0903HAY0096",9,22.70525032,96.034369,NA,58,"58aa",NA,NA,NA,236.5
NA,NA,"02040104002260","1401UWB5234",14,22.51,96.045962,NA,62,"62b",NA,NA,NA,236.5
NA,NA,"04150305001510","0903PEA0285",9,22.4303587956,97.052154,NA,58,"58aa",NA,NA,NA,236.5
NA,NA,"04150304000771","0904PAR0331",9,22.4212822662,100,NA,58,"58ab",NA,NA,NA,236.5
NA,NA,"04150302006354","0905TWI0132",9,22.3852154525,98.233951,NA,58,"58aa",NA,NA,NA,236.5
NA,NA,"04150304000789","0904SEV0355",9,22.2070095723,98.143851,NA,58,"58ab",NA,NA,NA,236.5
NA,NA,"04130002001515","0403UWB5454",4,21.6399,77.753059,NA,60,"60e",NA,NA,NA,236.5
NA,NA,"04150302001629","0905CAT0329",9,21.5914226271,98.539436,NA,58,"58aa",NA,NA,NA,236.5
NA,NA,"04150303000677","0906ONJ0044",9,21.4884495451,99.756632,NA,58,"58ab",NA,NA,NA,236.5
NA,NA,"04150305001432","0903UWB0149",9,21.3489540862,96.774193,NA,58,"58aa",NA,NA,NA,236.5
NA,NA,"02040102000452","1403BEE0348",14,21.2822,99.595305,NA,58,"58y",NA,NA,NA,236.5
NA,NA,"02040102000505","1403WHI0318",14,21.1508,100,NA,60,"60c",NA,NA,NA,236.5
NA,NA,"04150302001731","0905GRA0188",9,20.9970926983,98.033431,NA,58,"58aa",NA,NA,NA,236.5
NA,NA,"04150306001347","0902GRE0157",9,20.926711349,100,NA,58,"58ad",NA,NA,NA,236.5
NA,NA,"04150303000661"," ",9,20.9255100064,99.070248,NA,83,"83e",NA,NA,NA,236.5
NA,NA,"04130002001506","0403AMI0159A",4,20.88,82.276995,2,60,"60e",12,8,0,236.5
NA,NA,"02040102000517","1403CRA0310",14,20.7768,97.661469,NA,60,"60c",NA,NA,NA,236.5
NA,NA,"04150302001774","0905FRE0228",9,20.740915042,100,NA,58,"58aa",NA,NA,NA,236.5
NA,NA,"04130002008396"," ",4,20.7276,81.890701,NA,60,"60a",NA,NA,NA,236.5
NA,NA,"02040104002334","1402RE10003",14,20.7094,97.548817,NA,62,"62b",NA,NA,NA,304
NA,NA,"04130003001293","0402CEM0059",4,20.6401,84.579978,NA,83,"83c",NA,NA,NA,236.5
NA,NA,"04150304000861","0904CEN0376",9,20.5986845062,98.334471,NA,58,"58aa",NA,NA,NA,236.5
NA,NA,"02040104002064","1402ROU0065",14,20.583,96.862745,NA,58,"58y",NA,NA,NA,236.5
NA,NA,"04150302006295","0905UWB5128",9,20.5702866854,99.806576,NA,58,"58ab",NA,NA,NA,236.5
NA,NA,"04150302001531"," ",9,20.5192477647,98.148149,NA,83,"83e",NA,NA,NA,236.5
NA,NA,"04150302001744","0905DEE0233",9,20.4838503577,100.000001,NA,58,"58aa",NA,NA,NA,236.5
NA,NA,"02040101001332","1401BAS0262",14,20.3613,96.463022,NA,60,"60c",NA,NA,NA,236.5
NA,NA,"02040102000498","1403MUD0295",14,20.2993,100,NA,60,"60c",NA,NA,NA,236.5
NA,NA,"02040102000469","1403HOD0327",14,20.2421,100,NA,58,"58y",NA,NA,NA,236.5
NA,NA,"02040104002307","1402SAN0009",14,20.2,100,1,62,"62b",0,3,1,236.5
NA,NA,"04150305001381","0903BRU0217",9,20.1987882161,99.636964,NA,58,"58ad",NA,NA,NA,236.5
NA,NA,"04130002008391"," ",4,20.0702,82.55814,NA,60,"60a",NA,NA,NA,236.5
NA,NA,"04150305001407"," ",9,19.9836289093,98.119658,NA,58,"58aa",NA,NA,NA,236.5
NA,NA,"02040102000481","1403CLE0337",14,19.981,97.904761,NA,58,"58y",NA,NA,NA,236.5
NA,NA,"02040102000465","1403HUG0340",14,19.8716,100,NA,58,"58y",NA,NA,NA,236.5
NA,NA,"02040102000455","1403BAL0349",14,19.8108,100,NA,58,"58y",NA,NA,NA,236.5
NA,NA,"04150302006288"," ",9,19.6731096603,99.294532,NA,58,"58ab",NA,NA,NA,236.5
NA,"yes","02040104002280","1401MON0186",14,19.6,98.632479,5,62,"62b",24,72,20,236.5
NA,NA,"04150305001341","0903MAR0078",9,19.5549578828,98.005908,NA,58,"58ab",NA,NA,NA,236.5
NA,NA,"04150303002165"," ",9,19.5471955166,100,NA,83,"83d",NA,NA,NA,236.5
NA,NA,"04150302001684","0905MUL0168",9,19.5242128766,99.932961,NA,58,"58aa",NA,NA,NA,236.5
NA,NA,"04150304000823","0904BOO0374",9,19.4475498511,99.999999,NA,58,"58ab",NA,NA,NA,236.5
NA,NA,"04150305001519","0903LHI0280",9,19.2879451919,98.423818,NA,58,"58aa",NA,NA,NA,236.5
NA,NA,"04150305001268","0903FRE0013",9,18.9898993267,100.000001,NA,58,"58ab",NA,NA,NA,236.5
NA,NA,"04150302005117","0905UWB5246",9,18.9191564043,97.752809,NA,58,"58ab",NA,NA,NA,236.5
NA,NA,"04150302001509","0905HED0312",9,18.8815920993,100,NA,58,"58aa",NA,NA,NA,236.5
NA,NA,"04150302001755","0905ROC0231",9,18.8604795889,99.548233,NA,58,"58aa",NA,NA,NA,236.5
NA,NA,"04150305001368","0903MOU0230",9,18.8307556462,99.676584,NA,58,"58z",NA,NA,NA,236.5
NA,NA,"04150306001263","0902SLU0245",9,18.8023532812,97.696286,NA,58,"58ab",NA,NA,NA,236.5
NA,NA,"04150305003815","0903UWB5027",9,18.7743916692,97.977393,NA,58,"58ab",NA,NA,NA,236.5
NA,NA,"04150302005065","0905UWB5139",9,18.6469475062,99.539347,NA,58,"58ab",NA,NA,NA,236.5
NA,NA,"04150305001315","0903WOO0091",9,18.6220660884,97.396139,NA,58,"58ad",NA,NA,NA,236.5
NA,NA,"04150304000759","0904HOR0309",9,18.5742304774,97.536946,NA,58,"58ab",NA,NA,NA,236.5
NA,NA,"04150302006217"," ",9,18.5257070051,100,NA,83,"83d",NA,NA,NA,236.5
NA,NA,"04150306002803","0902UWB0229",9,18.3355141624,100.000001,NA,58,"58ab",NA,NA,NA,236.5
NA,NA,"02040104002197","1401MEL0036",14,18.3321,97.413591,NA,62,"62b",NA,NA,NA,236.5
NA,NA,"04150305001375","0903MIN0088",9,18.2405318453,100,NA,58,"58aa",NA,NA,NA,236.5
NA,NA,"04150306001243","0902MCC0188",9,18.235681627,100,NA,58,"58ab",NA,NA,NA,236.5
NA,NA,"02040101001552","1401MAH0208",14,18.2,97.440945,1,62,"62b",3,1,0,236.5
NA,NA,"04150302005100","0905UWB5141",9,18.1435688138,100,NA,58,"58ab",NA,NA,NA,236.5
NA,NA,"04150305001527","0903CHU0310",9,17.9847260532,97.236297,NA,58,"58aa",NA,NA,NA,236.5
NA,NA,"04150305001295"," ",9,17.9459785321,99.51923,NA,58,"58ab",NA,NA,NA,236.5
NA,NA,"04150306001327","0902BAK0187",9,17.8769866393,100.000001,NA,58,"58ab",NA,NA,NA,236.5
NA,NA,"04150306001262","0902BLI0104",9,17.819161615,100,NA,58,"58ab",NA,NA,NA,236.5
NA,NA,"04150304000776","0904MIL0342",9,17.7965477074,99.600443,NA,58,"58ab",NA,NA,NA,236.5
NA,NA,"04150302001711","0905MAS0173",9,17.7354997318,100,NA,58,"58aa",NA,NA,NA,236.5
NA,NA,"02040102000485","1403LON0331",14,17.6057,100,NA,58,"58y",NA,NA,NA,236.5
NA,NA,"04150302001733","0905UWB0205",9,17.5666187336,100,NA,58,"58aa",NA,NA,NA,236.5
NA,NA,"04150306001281","0902DEE0250",9,17.5534480153,97.222223,NA,58,"58ad",NA,NA,NA,236.5
NA,NA,"04150302006356"," ",9,17.5516493827,100.000001,NA,58,"58ab",NA,NA,NA,236.5
NA,NA,"04150305001376","0903UWB5149",9,17.5465772844,100,NA,58,"58ad",NA,NA,NA,236.5
NA,NA,"02040101001243","1404UWB0455A",14,17.4482,100,NA,60,"60a",NA,NA,NA,236.5
NA,NA,"04150305001447"," ",9,17.4211869739,99.369086,NA,58,"58aa",NA,NA,NA,236.5
NA,NA,"02040104002303","1401CAH0073",14,17.4095,99.076494,NA,62,"62b",NA,NA,NA,236.5
NA,NA,"04150302001451","0905UWB5132",9,17.4015781897,100,NA,58,"58ab",NA,NA,NA,236.5
NA,NA,"04150310001149"," ",9,17.3789188292,100,NA,83,"83d",NA,NA,NA,236.5
NA,NA,"04150306001272","0902TWI0102",9,17.3453824493,100,NA,58,"58ab",NA,NA,NA,236.5
NA,NA,"02040104002222","1401UWB0182A",14,17.2508,99.724311,NA,62,"62b",NA,NA,NA,236.5
NA,NA,"04150302001743","0905UWB0204",9,17.2319936708,99.672328,NA,58,"58aa",NA,NA,NA,236.5
NA,NA,"04150304000778","0904ALL0343",9,17.1583617039,100,NA,58,"58ab",NA,NA,NA,236.5
NA,NA,"04150306001236","0902MUD0092",9,17.1389220677,98.198198,NA,58,"58ab",NA,NA,NA,236.5
NA,NA,"02040101003947","1404PAG0387",14,17.1,97.428571,1,60,"60b",0,3,1,236.5
NA,NA,"02040104002229","1401MCA0089A",14,16.9352,96.432212,NA,62,"62b",NA,NA,NA,236.5
NA,NA,"02040104002282","1401UWB5190",14,16.9075,95.448955,NA,62,"62b",NA,NA,NA,236.5
NA,NA,"02040104002219","1401TRO0196",14,16.8,98.778596,1,62,"62b",6,4,0,236.5
NA,NA,"04150306001250"," ",9,16.7806758245,100,NA,58,"58ab",NA,NA,NA,236.5
NA,NA,"04150305001379","0903UBR0216",9,16.6295455602,99.817518,NA,58,"58ad",NA,NA,NA,236.5
NA,NA,"04150305005923","0903LRO0124",9,16.5689482767,100,NA,58,"58ab",NA,NA,NA,236.5
NA,NA,"02040104002300","1401UWB5005",14,16.5181,98.596491,NA,62,"62b",NA,NA,NA,236.5
NA,NA,"04150306001316","0902ELB0123",9,16.449724428,100,NA,58,"58ab",NA,NA,NA,236.5
NA,NA,"02040104002226","1401SCH0090",14,16.4464,95.618709,NA,62,"62b",NA,NA,NA,236.5
NA,NA,"04150305001298","0903MOU0053",9,16.4309236226,100,NA,58,"58aa",NA,NA,NA,236.5
NA,NA,"02040102000460","1403LIT0344",14,16.4,99.964526,1,58,"58y",1,3,0,236.5
NA,NA,"04150305004184"," ",9,16.3125422864,95.483596,NA,58,"58aa",NA,NA,NA,236.5
NA,NA,"02040101001291","1404DEP0398",14,16.2496,95.827901,NA,60,"60a",NA,NA,NA,304
NA,NA,"02040104002147","1402UWB0039D",14,16.2468,95.180723,NA,60,"60b",NA,NA,NA,236.5
NA,NA,"02040104002219","1401TRO0196",14,16.1299,98.778596,NA,62,"62b",NA,NA,NA,236.5
NA,NA,"04150305001288","0903MUD0056",9,16.125992342,99.999999,NA,58,"58aa",NA,NA,NA,236.5
NA,NA,"04150302001750","0905UWB0201",9,16.079004507,100,NA,58,"58aa",NA,NA,NA,236.5
NA,NA,"04150302001605","0905FIS0318",9,16.0676440766,99.605695,NA,58,"58aa",NA,NA,NA,236.5
NA,NA,"04150302001557","0905UWB5330",9,16.0538704531,100,NA,58,"58ab",NA,NA,NA,236.5
NA,NA,"04150304000805","0904BRO0348",9,15.9872516845,98.345587,NA,58,"58ab",NA,NA,NA,236.5
NA,NA,"04150305003987","0903STO0193",9,15.952298086,100,NA,58,"58z",NA,NA,NA,236.5
NA,NA,"04150302001589","0905NIC0292",9,15.8678861706,100,NA,58,"58ab",NA,NA,NA,236.5
NA,NA,"02040102000532","1403UWB0313B",14,15.8258,98.924732,NA,60,"60c",NA,NA,NA,236.5
NA,NA,"04150304000745","0904MED5032",9,15.790591294,95.508275,NA,58,"58ab",NA,NA,NA,304
NA,NA,"02040102000451","1403MOU0345A",14,15.7637,99.582463,NA,58,"58y",NA,NA,NA,236.5
NA,NA,"02040102000492","1403KNI0323",14,15.6909,100,NA,60,"60c",NA,NA,NA,236.5
NA,NA,"04150302001591","0905JOH0321",9,15.6753858314,100,NA,58,"58aa",NA,NA,NA,236.5
NA,NA,"02040101001320","1401DEE0262A",14,15.643,98.857142,NA,60,"60c",NA,NA,NA,236.5
NA,NA,"04150302001505","0905UWB5116",9,15.6390731334,96.9917,NA,58,"58ab",NA,NA,NA,236.5
NA,NA,"04150302001490","0905PAR0256",9,15.5718781172,98.038716,NA,58,"58ab",NA,NA,NA,236.5
NA,NA,"04150302005390"," ",9,15.5357775677,99.505439,NA,58,"58aa",NA,NA,NA,236.5
NA,NA,"04150305001506","0903OWL0247A",9,15.5318945607,99.789916,NA,58,"58aa",NA,NA,NA,236.5
NA,NA,"04150302001491","0905DIL0308",9,15.3836589392,100,NA,58,"58ab",NA,NA,NA,236.5
NA,NA,"04150306001245","0902GRA5221",9,15.3773804361,100,NA,58,"58ab",NA,NA,NA,236.5
NA,NA,"04150305001283","0903LJO0047",9,15.3115232457,99.027948,NA,58,"58ab",NA,NA,NA,236.5
NA,NA,"02040102000486","1403BEA0277",14,15.1907,99.374218,NA,60,"60c",NA,NA,NA,236.5
NA,NA,"04150305001419","0903TRI0166",9,15.1759204876,100.000001,NA,58,"58aa",NA,NA,NA,236.5
NA,NA,"02040104002320","1402WAT0013",14,15.1701,97.195394,NA,67,"67m",NA,NA,NA,236.5
NA,NA,"04150302001725","0905UWB5219",9,15.1428618626,100,NA,58,"58aa",NA,NA,NA,236.5
NA,NA,"04150305001512","0903HAM0283",9,15.1027021472,100,NA,58,"58aa",NA,NA,NA,236.5
NA,NA,"04150302001596","0905SIM0336",9,15.0588773047,100,NA,58,"58aa",NA,NA,NA,236.5
NA,NA,"04150305005803","0903UWB0079",9,15.0200483847,100,NA,58,"58aa",NA,NA,NA,236.5
NA,NA,"04150302001579","0905SUN0291",9,14.9210320429,95.419847,NA,58,"58ab",NA,NA,NA,236.5
NA,NA,"04150305001486","0903ROB0263",9,14.8935814812,96,NA,58,"58aa",NA,NA,NA,236.5
NA,NA,"04150302006246"," ",9,14.7577541027,99.462365,NA,83,"83d",NA,NA,NA,236.5
NA,NA,"04150302005053"," ",9,14.726121565,99.344978,NA,58,"58ab",NA,NA,NA,236.5
NA,NA,"02040102000501","1403MAP0320",14,14.7074,95.91002,NA,60,"60c",NA,NA,NA,236.5
NA,NA,"04150302001768","0905TWI0219",9,14.663507215,100,NA,58,"58aa",NA,NA,NA,236.5
NA,NA,"04150305001528","0903HEL0299",9,14.6440066608,99.094438,NA,58,"58aa",NA,NA,NA,236.5
NA,NA,"04150304000749","0904SHI0283",9,14.5357272217,97.668394,NA,83,"83e",NA,NA,NA,304
NA,NA,"04150305004326"," ",9,14.44554795,100,NA,58,"58ad",NA,NA,NA,236.5
NA,NA,"02040101004529","1401UWB5277",14,14.3728,99.107143,NA,60,"60b",NA,NA,NA,236.5
NA,NA,"04150309001089"," ",9,14.3036380531,99.999999,NA,83,"83d",NA,NA,NA,236.5
NA,NA,"04150305001415","0903HED0275",9,14.2542599043,100,NA,58,"58ad",NA,NA,NA,236.5
NA,NA,"04150305001342","0903TIF0190",9,14.1793436797,99.999999,NA,58,"58ad",NA,NA,NA,236.5
NA,NA,"04150306001326","0902OTT0128A",9,14.1520828218,100,NA,58,"58ad",NA,NA,NA,236.5
NA,NA,"04150306001278","0902LON0257",9,14.1091808496,99.911583,NA,58,"58ad",NA,NA,NA,236.5
NA,NA,"04150302006318"," ",9,14.1030678099,100,NA,58,"58ab",NA,NA,NA,236.5
NA,NA,"04150305004178","0903PIN0084",9,14.0998890941,97.792495,NA,58,"58aa",NA,NA,NA,236.5
NA,NA,"04150305001353","0903UWB0183",9,14.0939868066,100,NA,58,"58aa",NA,NA,NA,236.5
NA,NA,"04150302001595"," ",9,14.0510008152,99.752832,NA,58,"58aa",NA,NA,NA,236.5
NA,NA,"02040104002209","1401WIL0182B",14,13.9678,99.271403,NA,62,"62b",NA,NA,NA,236.5
NA,NA,"04150305001399","0903UWB5077",9,13.9444249726,95.099832,NA,58,"58aa",NA,NA,NA,236.5
NA,NA,"04150306001304","0902BIC5199",9,13.9371189961,97.777778,NA,58,"58ad",NA,NA,NA,236.5
NA,NA,"02040101014620"," ",14,13.9333,99.94638,NA,60,"60c",NA,NA,NA,236.5
NA,NA,"02040104002309","1402UWB5006",14,13.9314,97.44351,NA,62,"62b",NA,NA,NA,236.5
NA,NA,"04150306003144"," ",9,13.90933666,96.655518,NA,58,"58aa",NA,NA,NA,236.5
NA,NA,"04150304000827","0904SWE0296",9,13.8683929983,99.999999,NA,58,"58ab",NA,NA,NA,236.5
NA,NA,"04150302006225"," ",9,13.8249154862,100,NA,83,"83d",NA,NA,NA,236.5
NA,NA,"04130003002961","0402RUS0033",4,13.8067,85.714286,NA,83,"83c",NA,NA,NA,236.5
NA,NA,"04150303000653"," ",9,13.7888624549,100,NA,83,"83d",NA,NA,NA,236.5
NA,NA,"04150305004377"," ",9,13.7816560335,100.000001,NA,58,"58ad",NA,NA,NA,236.5
NA,NA,"04150307000859","0902OWL0047",9,13.7136364754,95.79832,NA,58,"58ab",NA,NA,NA,236.5
NA,NA,"04150305001490","0903UWB5201",9,13.7123128038,95.963413,NA,58,"58ad",NA,NA,NA,304
NA,NA,"04150305001255","0903HOR0021",9,13.6375529583,99.236641,NA,58,"58ab",NA,NA,NA,236.5
NA,NA,"04150305004757"," ",9,13.6327012793,98.211508,NA,58,"58aa",NA,NA,NA,236.5
NA,NA,"04150303000703"," ",9,13.619144055,98.225987,NA,58,"58ab",NA,NA,NA,236.5
NA,NA,"04150302001578","0905TOO0098",9,13.5729867971,99.604066,NA,58,"58ab",NA,NA,NA,236.5
NA,NA,"04150305001499","0903ELK0288",9,13.5607347444,95.890411,NA,58,"58aa",NA,NA,NA,236.5
NA,NA,"02040104002242","1401FOR0083",14,13.3236,97.971868,NA,62,"62b",NA,NA,NA,236.5
NA,NA,"04150302001444","0905UWB5123",9,13.236725579,99.660205,NA,58,"58ab",NA,NA,NA,236.5
NA,NA,"02040102000445","1403FUR0368",14,13.2122,100,NA,58,"58y",NA,NA,NA,236.5
NA,NA,"02040102000439","1403BRY0362",14,13.2009,95.354523,NA,60,"60c",NA,NA,NA,236.5
NA,NA,"04150303000626","0906BEN0025",9,13.1445060963,100,NA,58,"58ab",NA,NA,NA,236.5
NA,NA,"02040102000441","1403UWB5518",14,13.0899,97.515923,NA,60,"60c",NA,NA,NA,236.5
NA,NA,"04150302001693","0905MUI0351",9,13.0676284627,98.217469,NA,58,"58aa",NA,NA,NA,236.5
NA,NA,"04150305001537","0903MSA0295",9,13.0446047278,95.09044,NA,58,"58aa",NA,NA,NA,236.5
NA,NA,"04130002007258","0403UWB5526",4,12.997,87.5,NA,60,"60a",NA,NA,NA,236.5
NA,NA,"04150304002861","0904MOO0292",9,12.9620151328,100,NA,83,"83e",NA,NA,NA,236.5
NA,NA,"02040101001326","1401GLE0261A",14,12.8657,97.958334,NA,60,"60c",NA,NA,NA,236.5
NA,NA,"04150302001734","0905UWB0208",9,12.7734106251,99.498117,NA,58,"58aa",NA,NA,NA,236.5
NA,NA,"04150304003159"," ",9,12.7647262781,97.072072,NA,83,"83e",NA,NA,NA,236.5
NA,NA,"02040104002232","1401FOR0089",14,12.7099,95.707198,NA,62,"62b",NA,NA,NA,236.5
NA,NA,"04150308000116","0902PET5044",9,12.6597855141,100,NA,58,"58ab",NA,NA,NA,236.5
NA,NA,"04150302001586","0905GRE0125",9,12.5112706713,97.872341,NA,58,"58aa",NA,NA,NA,236.5
NA,NA,"04150303000646","0906BUR0039",9,12.3821540752,99.527633,NA,58,"58ab",NA,NA,NA,236.5
NA,NA,"04150302001537","0905UWB0314",9,12.374484741,99.18633,NA,58,"58aa",NA,NA,NA,236.5
NA,NA,"04150304002736"," ",9,12.2739914634,100,NA,58,"58ab",NA,NA,NA,236.5
NA,NA,"02040101001292","1404HAT0377",14,12.1461,98.417373,NA,60,"60c",NA,NA,NA,236.5
NA,NA,"02040102000448","1403LAU0352",14,12.1,96.160768,1,60,"60c",3,1,0,236.5
NA,NA,"04150302005647","0905UWB5220",9,12.0729731656,99.822064,NA,58,"58aa",NA,NA,NA,236.5
NA,NA,"04150303002159"," ",9,12.0450213339,96.657573,NA,83,"83d",NA,NA,NA,236.5
NA,NA,"02040104002148","1402UWB0052B",14,12.0079,96.508244,NA,62,"62b",NA,NA,NA,236.5
NA,NA,"04150302001497","0905LOS0307",9,11.9135162047,100,NA,58,"58aa",NA,NA,NA,236.5
NA,NA,"04150302001560","0905GRA0111",9,11.8666871412,100,NA,58,"58ab",NA,NA,NA,236.5
NA,NA,"04150303002160"," ",9,11.8087071366,95.842451,NA,83,"83d",NA,NA,NA,236.5
NA,NA,"04150303002200"," ",9,11.7866523569,100,NA,58,"58ab",NA,NA,NA,236.5
NA,NA,"04150306001273","0902TWI0101",9,11.7276674165,99.999999,NA,58,"58ab",NA,NA,NA,236.5
NA,NA,"04150305001374"," ",9,11.714448197,100.000001,NA,58,"58ad",NA,NA,NA,236.5
NA,NA,"04130002001482","0403UWB5456",4,11.7075,75.771965,NA,60,"60a",NA,NA,NA,236.5
NA,NA,"04150302001584","0905MUD0124",9,11.6518215212,100,NA,58,"58ab",NA,NA,NA,236.5
NA,NA,"04150306002599"," ",9,11.6213959275,96.317204,NA,58,"58ab",NA,NA,NA,236.5
NA,NA,"02040102000459","1403UWB5472",14,11.59,100,NA,58,"58y",NA,NA,NA,236.5
NA,NA,"04150302001545","0905UWB5328",9,11.4988739705,99.999999,NA,58,"58ab",NA,NA,NA,236.5
NA,NA,"02040101001365","1401UWB5320",14,11.4978,96.14443,NA,60,"60c",NA,NA,NA,236.5
NA,NA,"04150306001214","0902BLI5121",9,11.4291272014,97.583429,NA,58,"58ab",NA,NA,NA,236.5
NA,NA,"04150302001573","0905SHI0099",9,11.4035947368,100,NA,58,"58ab",NA,NA,NA,236.5
NA,NA,"04150305004318","0903LAT0223",9,11.4002381373,99.999999,NA,58,"58ad",NA,NA,NA,236.5
NA,NA,"04150305001401"," ",9,11.357634222,96.126898,NA,58,"58aa",NA,NA,NA,236.5
NA,NA,"02040102000447","1403MUD0367",14,11.3569,96.749522,NA,58,"58y",NA,NA,NA,236.5
NA,NA,"04150302001706","0905WOL0171",9,11.3567082151,99.415584,NA,58,"58aa",NA,NA,NA,236.5
NA,NA,"02040101005711"," ",14,11.3389,100,NA,62,"62b",NA,NA,NA,236.5
NA,NA,"02040101005800"," ",14,11.3287,100,NA,60,"60a",NA,NA,NA,236.5
NA,NA,"04150303002178"," ",9,11.3140357239,100,NA,83,"83d",NA,NA,NA,236.5
NA,NA,"04130002001390","0403UWB5283",4,11.2763,83.402489,NA,60,"60a",NA,NA,NA,236.5
NA,NA,"04150305001294","0903OTT0049",9,11.1685152875,100,NA,58,"58ab",NA,NA,NA,236.5
NA,NA,"04150302006264"," ",9,11.1162212209,97.791165,NA,83,"83e",NA,NA,NA,236.5
NA,NA,"04150303000683"," ",9,11.1109305601,97.144426,NA,58,"58ab",NA,NA,NA,236.5
NA,NA,"04150304003137"," ",9,11.0662930906,100,NA,58,"58ab",NA,NA,NA,236.5
NA,NA,"04150302001532","0905UWB0315",9,11.0080141797,100,NA,58,"58aa",NA,NA,NA,236.5
NA,NA,"04150302006332","0905UWB5212",9,10.9969307639,96.87138,NA,58,"58aa",NA,NA,NA,236.5
NA,NA,"02040104005456","1401UWB5241",14,10.9965,97.941567,NA,62,"62b",NA,NA,NA,236.5
NA,NA,"04150302001587","0905DAR0319",9,10.9917732235,99.762611,NA,58,"58aa",NA,NA,NA,236.5
NA,NA,"04150302001763","0905UWB0194",9,10.9850898641,98.694612,NA,58,"58aa",NA,NA,NA,236.5
NA,NA,"04150305001466","0903LCA0268",9,10.9413001439,95.597483,NA,58,"58ad",NA,NA,NA,236.5
NA,NA,"04150302001485"," ",9,10.9217493214,99.78429,NA,58,"58ab",NA,NA,NA,236.5
NA,NA,"04150304000815","0904UWB5067",9,10.9005222329,97.040498,NA,58,"58ab",NA,NA,NA,236.5
NA,NA,"04150303000686","0906BLA0047",9,10.8171081569,99.239954,NA,58,"58ab",NA,NA,NA,236.5
NA,NA,"02040102000443","1403UWB5538",14,10.8125,96.678967,NA,60,"60c",NA,NA,NA,236.5
NA,NA,"04150306002918","0902MUD0151",9,10.794367767,99.173555,NA,58,"58ad",NA,NA,NA,236.5
NA,NA,"04150302006306"," ",9,10.6983169538,99.090909,NA,58,"58ab",NA,NA,NA,236.5
NA,NA,"04150302006305"," ",9,10.662545531,100,NA,58,"58ab",NA,NA,NA,236.5
NA,NA,"04150302001640","0905PIN0286",9,10.6510469494,99.999999,NA,58,"58aa",NA,NA,NA,236.5
NA,NA,"04150302001767","0905GRE0184",9,10.6290751603,100,NA,58,"58aa",NA,NA,NA,236.5
NA,NA,"04150305004425"," ",9,10.5961595037,96.985706,NA,58,"58aa",NA,NA,NA,236.5
NA,NA,"04150302001671","0905UWB5189",9,10.5493981525,99.159664,NA,58,"58aa",NA,NA,NA,236.5
NA,NA,"04150304000800","0904BRO0349",9,10.5380942292,95.505618,NA,58,"58ab",NA,NA,NA,236.5
NA,NA,"04150305004293"," ",9,10.5370658706,100.000001,NA,58,"58aa",NA,NA,NA,236.5
NA,NA,"04150302001608","0905UWB5146",9,10.5184697778,100,NA,58,"58ab",NA,NA,NA,236.5
NA,NA,"04150305001400"," ",9,10.4844415477,99.701492,NA,58,"58ad",NA,NA,NA,236.5
NA,NA,"04150303002152"," ",9,10.4651962628,96.494356,NA,83,"83d",NA,NA,NA,236.5
NA,NA,"02040104002276","1401BOY0176A",14,10.4127,97.843867,NA,62,"62b",NA,NA,NA,236.5
NA,NA,"04150303000671","0906DOH0043A",9,10.3935329245,100,NA,58,"58ab",NA,NA,NA,236.5
NA,NA,"04150302001567","0905BUL0100",9,10.3720338346,100,NA,58,"58ab",NA,NA,NA,236.5
NA,NA,"04150305001501","0903LOU0133",9,10.3709494074,96.765499,NA,58,"58aa",NA,NA,NA,236.5
NA,NA,"02040101014629"," ",14,10.3689,98,NA,60,"60c",NA,NA,NA,236.5
NA,NA,"04150303002237"," ",9,10.3603257687,100,NA,58,"58ab",NA,NA,NA,236.5
NA,NA,"04150302001694","0905LMO0167",9,10.3600423338,100,NA,58,"58aa",NA,NA,NA,236.5
NA,NA,"04150302001582","0905SPE0334",9,10.3406724057,100,NA,58,"58aa",NA,NA,NA,236.5
NA,NA,"04150305001472","0903PAR0266",9,10.2521662248,100,NA,58,"58aa",NA,NA,NA,236.5
NA,NA,"04150302004899"," ",9,10.2457449185,99.667726,NA,58,"58ab",NA,NA,NA,236.5
NA,NA,"02040102000509"," ",14,10.2159,99.999999,NA,60,"60c",NA,NA,NA,236.5
NA,NA,"04150306001228","0902EAS5188",9,10.186019514,100,NA,58,"58ab",NA,NA,NA,236.5
NA,NA,"02040104002315","1402MAR0008",14,10.1,100,1,62,"62b",0,4,0,236.5
NA,NA,"02040101003786","1401UWB5232",14,10.072,99.726901,NA,62,"62b",NA,NA,NA,236.5
NA,NA,"04150306003137"," ",9,10.0676480449,100.000001,NA,58,"58ab",NA,NA,NA,236.5
NA,NA,"02040101001282","1404PAG0391",14,10,97.685186,2,60,"60a",1,16,3,236.5
NA,NA,"04150306001345","0902SOT0159",9,9.98899241807,99.662162,NA,58,"58ad",NA,NA,NA,236.5
NA,NA,"04150302001455","0905UWB5126",9,9.96355243083,100,NA,58,"58ab",NA,NA,NA,236.5
NA,NA,"04150305004720","0903UWB5102",9,9.9596879784,96.483652,NA,58,"58aa",NA,NA,NA,236.5
NA,NA,"04150305001383","0903DAW0208",9,9.9513687681,98.172589,NA,58,"58ad",NA,NA,NA,236.5
NA,NA,"04150302001553","0905UWB5143",9,9.91604703559,100,NA,58,"58ab",NA,NA,NA,236.5
NA,NA,"04150302001713","0905UWB0371",9,9.8703468134,100,NA,58,"58aa",NA,NA,NA,236.5
NA,NA,"04150308000098","0902UWB5045",9,9.86738546758,99.999999,NA,58,"58ab",NA,NA,NA,236.5
NA,NA,"02040104002265","1402HOL0030A",14,9.83187275763,99.142857,NA,62,"62b",NA,NA,NA,236.5
NA,NA,"04150302006313"," ",9,9.82452052402,100,NA,58,"58aa",NA,NA,NA,236.5
NA,NA,"04150306001203","0902UWB0070",9,9.7163843579,99.143469,NA,58,"58ab",NA,NA,NA,236.5
NA,NA,"04150302005169"," ",9,9.68493040516,98.163148,NA,58,"58ab",NA,NA,NA,236.5
NA,NA,"02040102000471","1403QUI5452",14,9.67304630619,96.108374,NA,60,"60c",NA,NA,NA,236.5
NA,NA,"04150302005303","0905UWB0324",9,9.67021431772,100,NA,58,"58aa",NA,NA,NA,236.5
NA,NA,"04150305004887","0903UWB0330",9,9.65199305169,98.513011,NA,58,"58aa",NA,NA,NA,236.5
NA,NA,"04150302005172"," ",9,9.64847930668,99.522444,NA,58,"58aa",NA,NA,NA,236.5
NA,NA,"04150302005107"," ",9,9.63049610831,99.140893,NA,58,"58ab",NA,NA,NA,236.5
NA,NA,"04150307000874","0902LDU0024",9,9.59838798978,100,NA,58,"58ab",NA,NA,NA,236.5
NA,NA,"04150306001283","0902MUD0230",9,9.59225817083,99.711816,NA,58,"58ab",NA,NA,NA,236.5
NA,NA,"04150307000891","0902SKI5075",9,9.58428773428,100,NA,58,"58ab",NA,NA,NA,236.5
NA,NA,"04150306001249","0902BEA0201",9,9.55142048778,96.816038,NA,58,"58ab",NA,NA,NA,236.5
NA,NA,"04150302005529"," ",9,9.49622570494,99.803043,NA,58,"58aa",NA,NA,NA,236.5
NA,NA,"04150304003190","0904SLO0333",9,9.48755407654,100,NA,58,"58ab",NA,NA,NA,236.5
NA,NA,"02040101014469"," ",14,9.47879689043,100,NA,60,"60c",NA,NA,NA,236.5
NA,NA,"04150306002936","0902KIT0146B",9,9.43149300617,100,NA,58,"58ad",NA,NA,NA,236.5
NA,NA,"02040101001283","1404BEA5486",14,9.42288669448,99.309551,NA,60,"60a",NA,NA,NA,236.5
NA,NA,"04150302001483","0905UWB5121",9,9.36377371859,98.903476,NA,58,"58ab",NA,NA,NA,236.5
NA,NA,"04150302001604","0905UWB0338",9,9.35157566529,99.215524,NA,58,"58aa",NA,NA,NA,236.5
NA,NA,"02040104002227","1401UWB5188",14,9.32359006668,96.700143,NA,62,"62b",NA,NA,NA,236.5
NA,NA,"04130002008891"," ",4,9.27757095891,82.383419,NA,60,"60a",NA,NA,NA,236.5
NA,NA,"04150305003988","0903UWB5083",9,9.22040071116,99.06542,NA,58,"58ad",NA,NA,NA,236.5
NA,NA,"04150302004950"," ",9,9.19055648728,98.671127,NA,58,"58ab",NA,NA,NA,236.5
NA,NA,"04150303000692"," ",9,9.18829197366,100,NA,83,"83e",NA,NA,NA,236.5
NA,NA,"04150305001388","0903LCO0213",9,9.18602740008,100,NA,58,"58ad",NA,NA,NA,236.5
NA,NA,"04150307000887","0902UWB5074",9,9.14492939814,100,NA,58,"58ab",NA,NA,NA,236.5
NA,NA,"04150302001515","0905UWB5241",9,9.12855468436,100,NA,58,"58ab",NA,NA,NA,236.5
NA,NA,"04150302001707","0905NOR0148",9,9.11585013938,100,NA,58,"58ab",NA,NA,NA,236.5
NA,NA,"04150306001230","0902STA0183",9,9.09830387557,100.000001,NA,58,"58ab",NA,NA,NA,236.5
NA,NA,"04150302001661","0905SCU0157",9,9.09283936056,99.982493,NA,58,"58aa",NA,NA,NA,236.5
NA,NA,"04150302001686","0905LSI0153",9,9.08423727865,99.999999,NA,58,"58aa",NA,NA,NA,236.5
NA,NA,"04150303000670","0906STE0043",9,9.04585114491,99.081726,NA,58,"58ab",NA,NA,NA,236.5
NA,NA,"04150305001545","0903SLI0302",9,9.04576941329,100,NA,58,"58aa",NA,NA,NA,236.5
NA,NA,"04150305005922","0903SHA0222",9,9.03836050097,100,NA,58,"58ad",NA,NA,NA,236.5
NA,NA,"04150307002954"," ",9,9.03627913595,99.563001,NA,58,"58ab",NA,NA,NA,236.5
NA,NA,"02040104002141","1402UWB0026A",14,9.00233585449,99.66159,NA,62,"62b",NA,NA,NA,236.5
NA,NA,"02040104002215","1401PAR0092B",14,8.95960606437,99.567525,NA,62,"62b",NA,NA,NA,236.5
NA,NA,"04150306001234","0902SLO5171",9,8.94521408583,96.204492,NA,58,"58ab",NA,NA,NA,236.5
NA,NA,"04150304003019"," ",9,8.94349069684,99.800399,NA,58,"58aa",NA,NA,NA,236.5
NA,NA,"04150302001771","0905CLE0230",9,8.92866541985,100,NA,58,"58aa",NA,NA,NA,236.5
NA,NA,"04150305001274","0903UWB5025",9,8.90199593677,98.871719,NA,58,"58ab",NA,NA,NA,236.5
NA,NA,"04150304000750","0904BUL0305",9,8.850755772,98.195241,NA,58,"58ab",NA,NA,NA,236.5
NA,NA,"04150302001654","0905UWB5332",9,8.83166503151,95.162709,NA,58,"58ab",NA,NA,NA,236.5
NA,NA,"04150302001636","0905LOT0290",9,8.78804260992,100,NA,58,"58aa",NA,NA,NA,236.5
NA,NA,"04150302001592","0905TOA0333",9,8.77021154294,100,NA,58,"58aa",NA,NA,NA,236.5
NA,NA,"04150304003191","0904UWB0338",9,8.75548199797,99.467519,NA,58,"58ab",NA,NA,NA,236.5
NA,NA,"02040104002289"," ",14,8.74779445673,99.85924,NA,62,"62b",NA,NA,NA,236.5
NA,NA,"04150305001404"," ",9,8.72990736131,100.000001,NA,58,"58ad",NA,NA,NA,236.5
NA,NA,"04150302001593","0905UWB5109",9,8.72614645824,99.004975,NA,58,"58aa",NA,NA,NA,236.5
NA,NA,"02040104002150","1402BOW0052",14,8.65754560318,95.614034,NA,62,"62b",NA,NA,NA,236.5
NA,NA,"04130003003631","0402UWB0068A",4,8.65537280596,86.865672,NA,60,"60d",NA,NA,NA,236.5
NA,NA,"04150306001265","0902LOS0200",9,8.6212451252,100,NA,58,"58ad",NA,NA,NA,236.5
NA,NA,"04150305001339","0903UWB0199",9,8.53922182016,100,NA,58,"58z",NA,NA,NA,236.5
NA,NA,"04150306001346","0902WHI0158",9,8.50840512453,99.999999,NA,58,"58ad",NA,NA,NA,236.5
NA,NA,"04150302001773","0905FRE0229",9,8.4974821029,100,NA,58,"58aa",NA,NA,NA,236.5
NA,NA,"02040101001556","1401GRA0206",14,8.48360251246,96.901894,NA,62,"62b",NA,NA,NA,236.5
NA,NA,"04150308000090","0902MOU0002C",9,8.4702191409,99.999999,NA,58,"58ab",NA,NA,NA,236.5
NA,NA,"04150303002157"," ",9,8.4592800996,96.007984,NA,83,"83d",NA,NA,NA,236.5
NA,NA,"04150302005029","0905LIL0311",9,8.43503686998,100,NA,58,"58ab",NA,NA,NA,236.5
NA,NA,"04150306001271","0902UWB0241",9,8.41287219255,98.135918,NA,58,"58ab",NA,NA,NA,236.5
NA,NA,"02040101001342","1401PET5336",14,8.40046435698,99.464763,NA,60,"60c",NA,NA,NA,236.5
NA,NA,"04150306003177","0902UWB5192",9,8.36381754024,98.769771,NA,58,"58ab",NA,NA,NA,236.5
NA,NA,"04150305001536","0903UWB5062",9,8.35168809086,100,NA,58,"58aa",NA,NA,NA,236.5
NA,NA,"04150302001498","0905UWB0250",9,8.33243243047,100,NA,83,"83e",NA,NA,NA,236.5
NA,NA,"04150305004771","0903UWB0290",9,8.28117851779,97.837837,NA,58,"58aa",NA,NA,NA,236.5
NA,NA,"04150305001534","0903PIN0309",9,8.27328834124,99.110546,NA,58,"58aa",NA,NA,NA,236.5
NA,NA,"04150302006361"," ",9,8.26188019999,100,NA,58,"58aa",NA,NA,NA,236.5
NA,NA,"04150305001403"," ",9,8.26185752456,97.65625,NA,58,"58ad",NA,NA,NA,236.5
NA,NA,"04150302006304"," ",9,8.20730818539,100,NA,58,"58aa",NA,NA,NA,236.5
NA,NA,"04150305004448"," ",9,8.18630387048,97.011494,NA,58,"58aa",NA,NA,NA,236.5
NA,NA,"04150303001828","0906DUC0027",9,8.14909105453,100,NA,58,"58ab",NA,NA,NA,236.5
NA,NA,"04150304000798","0904WOL0339",9,8.07673562122,100,NA,58,"58ab",NA,NA,NA,236.5
NA,NA,"02040104002304","1401UWB0162A",14,8.050040627,96.927248,NA,62,"62b",NA,NA,NA,236.5
NA,NA,"04150302005454"," ",9,8.03925692487,100,NA,58,"58aa",NA,NA,NA,236.5
NA,NA,"04150302001500","0905UWB5118",9,8.00100749905,98.302469,NA,58,"58ab",NA,NA,NA,236.5
NA,NA,"04150306001217","0902MOU0087",9,7.99088053241,100,NA,58,"58ab",NA,NA,NA,236.5
NA,NA,"04150303002139"," ",9,7.9841386987,99.999999,NA,83,"83d",NA,NA,NA,236.5
NA,NA,"04150304003192","0904UWB0346",9,7.96523885538,99.999999,NA,58,"58ab",NA,NA,NA,236.5
NA,NA,"02040104002188","1401UWB5080",14,7.94832809781,97.348799,NA,62,"62b",NA,NA,NA,236.5
NA,NA,"04150303000681","0906UWB5052",9,7.917118661,100.000001,NA,58,"58ab",NA,NA,NA,236.5
NA,NA,"04130002001403","0403UWB5370",4,7.85228327471,86.666667,NA,60,"60a",NA,NA,NA,236.5
NA,NA,"04150302001670","0905UWB5334",9,7.82980749429,100,NA,58,"58ab",NA,NA,NA,236.5
NA,NA,"04150302004879","0905UWB5113",9,7.82612064034,99.999999,NA,83,"83e",NA,NA,NA,236.5
NA,NA,"04150305004648"," ",9,7.82522926535,100,NA,58,"58aa",NA,NA,NA,236.5
NA,NA,"04150302001569","0905UWB5280",9,7.8229102584,100,NA,58,"58aa",NA,NA,NA,236.5
NA,NA,"04150305001328","0903UWB0074",9,7.82105054189,100,NA,58,"58ab",NA,NA,NA,236.5
NA,NA,"04150305003994"," ",9,7.78144411783,98.065343,NA,58,"58aa",NA,NA,NA,236.5
NA,NA,"02040104002244","1401STE0033",14,7.77672555464,98.360822,NA,62,"62b",NA,NA,NA,236.5
NA,NA,"02040104002251","1401MUD0175",14,7.7654897952,99.298598,NA,62,"62b",NA,NA,NA,236.5
NA,NA,"04150302005677"," ",9,7.74971096004,99.537839,NA,58,"58aa",NA,NA,NA,236.5
NA,NA,"04150305001389","0903UWB0226A",9,7.72658754445,100,NA,58,"58ad",NA,NA,NA,236.5
NA,NA,"04150303002177"," ",9,7.71784233585,100,NA,83,"83d",NA,NA,NA,236.5
NA,NA,"02040102000473","1403STU0353",14,7.66565393465,96.409106,NA,60,"60c",NA,NA,NA,236.5
NA,NA,"04150303002154"," ",9,7.64867493799,100,NA,83,"83d",NA,NA,NA,236.5
NA,NA,"04150306002949"," ",9,7.64307270176,100,NA,58,"58ad",NA,NA,NA,236.5
NA,NA,"04150306002950"," ",9,7.63319025254,99.372023,NA,58,"58ad",NA,NA,NA,236.5
NA,NA,"04150303002163"," ",9,7.61139600171,100,NA,83,"83d",NA,NA,NA,236.5
NA,NA,"04150302005637","0905UWB0202",9,7.55915338773,100,NA,58,"58aa",NA,NA,NA,236.5
NA,NA,"04150303002153"," ",9,7.53698624889,100,NA,83,"83d",NA,NA,NA,236.5
NA,NA,"02040104002310","1401UWB0068",14,7.51183961091,98.872075,NA,62,"62b",NA,NA,NA,236.5
NA,NA,"02040104002193","1401UWB0092A",14,7.50676079552,96.423462,NA,62,"62b",NA,NA,NA,236.5
NA,NA,"04130002001381","0403UWB5131",4,7.50139746059,95.151514,NA,60,"60a",NA,NA,NA,236.5
NA,NA,"02040102000519","1403UWB5374",14,7.49712462794,100,NA,60,"60c",NA,NA,NA,236.5
NA,NA,"04150307000885","0902ELM0062A",9,7.49216749705,100,NA,58,"58ab",NA,NA,NA,236.5
NA,NA,"04150302005333","0905UWB5156",9,7.48286966339,99.863688,NA,58,"58aa",NA,NA,NA,236.5
NA,NA,"04150305005807"," ",9,7.47608026412,96.58703,NA,58,"58aa",NA,NA,NA,236.5
NA,NA,"04150305004193","0903UWB0229",9,7.47489960058,99.848837,NA,58,"58z",NA,NA,NA,236.5
NA,NA,"04150303002164"," ",9,7.44732420533,100,NA,83,"83d",NA,NA,NA,236.5
NA,NA,"04150305001305","0903LON0061",9,7.4242325053,100,NA,58,"58ab",NA,NA,NA,236.5
NA,NA,"02040101014624"," ",14,7.39809965321,97.158322,NA,60,"60c",NA,NA,NA,236.5
NA,NA,"02040104002277","1402UWB0016",14,7.38821101185,100.000001,NA,67,"67m",NA,NA,NA,236.5
NA,NA,"04130002001418"," ",4,7.36961084505,86.904761,NA,60,"60a",NA,NA,NA,236.5
NA,NA,"02040104002245","1401SIL0194",14,7.36240789025,96.819788,NA,62,"62b",NA,NA,NA,236.5
NA,NA,"02040104009985"," ",14,7.32105483776,96.002758,NA,62,"62b",NA,NA,NA,236.5
NA,NA,"02040102000458"," ",14,7.3069703474,100.000001,NA,58,"58y",NA,NA,NA,236.5
NA,NA,"04150305004186"," ",9,7.29093633293,98.715313,NA,58,"58ad",NA,NA,NA,236.5
NA,NA,"04150303002145"," ",9,7.26197720346,98.214285,NA,83,"83d",NA,NA,NA,236.5
NA,NA,"04150306001290","0902WIL0117",9,7.25883673118,96.078431,NA,58,"58ab",NA,NA,NA,236.5
NA,NA,"02040102000454","1403UWB5470",14,7.25669347885,100,NA,58,"58y",NA,NA,NA,236.5
NA,NA,"04150305001352"," ",9,7.25122740969,100,NA,58,"58ad",NA,NA,NA,236.5
NA,NA,"04150302006243"," ",9,7.2309054091,100,NA,83,"83d",NA,NA,NA,236.5
NA,NA,"04150303002156"," ",9,7.15816829718,100,NA,83,"83d",NA,NA,NA,236.5
NA,NA,"04150302005190","0905UWB5276",9,7.1523122829,96.355842,NA,58,"58aa",NA,NA,NA,236.5
NA,NA,"02040101014655"," ",14,7.12453045259,97.097097,NA,60,"60b",NA,NA,NA,236.5
NA,NA,"04150304003020","0904SAR0376B",9,7.11371462483,99.506173,NA,58,"58aa",NA,NA,NA,236.5
NA,NA,"04150305004704","0903POL0243",9,7.06769878605,98,NA,58,"58ad",NA,NA,NA,236.5
NA,NA,"04150304000820","0904UWB5075",9,7.0311329783,98.420221,NA,58,"58ab",NA,NA,NA,236.5
NA,NA,"04150307000883","0902ELB0065A",9,7.01641432159,95.499696,NA,58,"58ab",NA,NA,NA,236.5
NA,NA,"04150303000678","0906HOG0048",9,7.00619073376,99.999999,NA,58,"58ab",NA,NA,NA,236.5
NA,NA,"04130002008832"," ",4,6.99125423526,83.395292,NA,60,"60e",NA,NA,NA,236.5
NA,NA,"04150306002705","0902GRA5191",9,6.94774025925,98.572245,NA,58,"58ab",NA,NA,NA,236.5
"x",NA,"04130003004086"," ",4,6.94626033797,100,NA,83,"83c",NA,NA,NA,236.5
NA,NA,"04150302005309","0905UWB5307",9,6.94219414763,100,NA,58,"58aa",NA,NA,NA,236.5
NA,NA,"02040104002142","1402UWB5108",14,6.93773931363,100,NA,60,"60b",NA,NA,NA,236.5
NA,NA,"04150305001392"," ",9,6.93135954224,96.730769,NA,58,"58ad",NA,NA,NA,236.5
NA,NA,"02040102000442"," ",14,6.93127772403,99.298246,NA,60,"60c",NA,NA,NA,236.5
NA,NA,"04150304003135"," ",9,6.87316518138,100,NA,58,"58ab",NA,NA,NA,236.5
NA,NA,"04150302005722","0905UWB0213",9,6.82377492608,100,NA,58,"58aa",NA,NA,NA,236.5
NA,NA,"04150305003980"," ",9,6.80004990678,99.999999,NA,58,"58ad",NA,NA,NA,236.5
NA,NA,"04150305004109"," ",9,6.76703410091,100,NA,58,"58ad",NA,NA,NA,236.5
NA,NA,"04150305004616"," ",9,6.76534625144,96.566524,NA,58,"58aa",NA,NA,NA,236.5
NA,NA,"02040101005798"," ",14,6.76410173889,96.700508,NA,60,"60a",NA,NA,NA,236.5
NA,NA,"04150302005711","0905UWB0212",9,6.75749800891,99.999999,NA,58,"58aa",NA,NA,NA,236.5
NA,NA,"04150302001487"," ",9,6.75330054854,100,NA,58,"58ab",NA,NA,NA,236.5
NA,NA,"04150302005751","0905UWB5201",9,6.75179189398,100,NA,58,"58aa",NA,NA,NA,236.5
NA,NA,"04150302001688","0905SIL0154",9,6.74458634448,100,NA,58,"58aa",NA,NA,NA,236.5
NA,NA,"04150302005129","0905UWB5269",9,6.73967087326,100,NA,58,"58ab",NA,NA,NA,236.5
NA,NA,"04150305003945"," ",9,6.72626562043,96.914701,NA,58,"58ad",NA,NA,NA,236.5
NA,NA,"04150303000699"," ",9,6.72321313844,98.432156,NA,58,"58ab",NA,NA,NA,236.5
NA,NA,"04150302001594","0905LOS0103",9,6.66954950605,100,NA,58,"58ab",NA,NA,NA,236.5
NA,NA,"04150302006296"," ",9,6.66185019919,99.999999,NA,83,"83e",NA,NA,NA,236.5
NA,NA,"04150304000758","0904MUD0308",9,6.66118538236,98.544233,NA,58,"58ab",NA,NA,NA,236.5
NA,NA,"04150302006307"," ",9,6.65469797673,99.041534,NA,58,"58aa",NA,NA,NA,236.5
NA,NA,"04150302001564","0905UWB5144",9,6.60758771947,100,NA,58,"58ab",NA,NA,NA,236.5
NA,NA,"02040102002941","1403UWB5459",14,6.56638662806,98.877888,NA,60,"60c",NA,NA,NA,236.5
NA,NA,"04150304002918","0904UWB5085",9,6.5628711475,100,NA,58,"58ab",NA,NA,NA,236.5
NA,NA,"02040101014658"," ",14,6.55438825192,97.53915,NA,60,"60c",NA,NA,NA,236.5
NA,NA,"04150308000046"," ",9,6.54578353397,100,NA,83,"83d",NA,NA,NA,236.5
NA,NA,"04150305001316","0903MOR0184",9,6.54409704705,96.931818,NA,58,"58ad",NA,NA,NA,236.5
NA,NA,"04150302001504","0905UWB0259",9,6.54089464937,100,NA,58,"58ab",NA,NA,NA,236.5
NA,NA,"04150302001765","0905TWI0218",9,6.51976707549,100,NA,58,"58aa",NA,NA,NA,236.5
NA,NA,"04150302005662"," ",9,6.49046402987,99.046794,NA,58,"58aa",NA,NA,NA,236.5
NA,NA,"02040102000456","1403TUN0351",14,6.48945483749,100,NA,58,"58y",NA,NA,NA,236.5
NA,NA,"04150305004909","0903BEA0303",9,6.4670654348,99.41349,NA,58,"58aa",NA,NA,NA,236.5
NA,NA,"04150303002173"," ",9,6.41970182439,100,NA,83,"83d",NA,NA,NA,236.5
NA,NA,"02040104002286","1402UWB5014",14,6.41550196893,100,NA,62,"62b",NA,NA,NA,236.5
NA,NA,"02040101001275","1404RUS0410",14,6.4,96.36558,2,60,"60c",18,2,0,236.5
